# t  Upot  K  Etot  T  lambda
    0.009275     -1976.6554541023      1122.4228675769      -854.2325865254         1.8753932625         1.0001824753
    0.018550     -1997.3614503984      1138.8514528740      -858.5099975244         1.9028428619         0.9983805396
    0.027825     -2024.3153386810      1156.9453209337      -867.3700177473         1.9330748888         0.9964658914
    0.037100     -2046.6642031721      1168.0638946702      -878.6003085018         1.9516522885         0.9953240393
    0.046375     -2059.6266733236      1169.7653176456      -889.8613556780         1.9544951005         0.9951515638
    0.055650     -2064.8895819382      1165.0450187652      -899.8445631730         1.9466082185         0.9956315290
    0.064925     -2066.4309882719      1158.1752549679      -908.2557333040         1.9351299164         0.9963383067
    0.074200     -2066.5156790451      1151.4132540342      -915.1024250109         1.9238316692         0.9970437322
    0.083474     -2065.4855240367      1145.1195531443      -920.3659708923         1.9133158783         0.9977091603
    0.092749     -2063.4318850507      1139.3059702748      -924.1259147758         1.9036022895         0.9983315618
    0.102024     -2061.0035185531      1134.4447936336      -926.5587249195         1.8954800228         0.9988578034
    0.111299     -2060.4512189132      1132.1307741221      -928.3204447911         1.8916136577         0.9991101878
    0.120574     -2064.9788140616      1134.2015553128      -930.7772587488         1.8950736095         0.9988842754
    0.129849     -2074.9703466520      1139.9524186227      -935.0179280293         1.9046824037         0.9982619816
    0.139124     -2085.8529688596      1145.1867112783      -940.6662575813         1.9134280890         0.9977020140
    0.148399     -2091.8109716340      1145.6954931975      -946.1154784365         1.9142781841         0.9976479070
    0.157674     -2091.5243742316      1141.3333999354      -950.1909742962         1.9069898077         0.9981136529
    0.166949     -2087.9415819858      1135.1898087692      -952.7517732166         1.8967248267         0.9987768060
    0.176224     -2084.2920305516      1130.1422491083      -954.1497814433         1.8882911430         0.9993280508
    0.185499     -2082.7568043722      1127.8140111804      -954.9427931918         1.8844010212         0.9995842914
    0.194774     -2085.3453455986      1129.1442969335      -956.2010486651         1.8866237209         0.9994377296
    0.204049     -2091.9928928972      1133.2562770104      -958.7366158868         1.8934941972         0.9989872794
    0.213324     -2099.3087013115      1137.0886455705      -962.2200557411         1.8998974863         0.9985709347
    0.222599     -2104.1043446536      1138.3486590653      -965.7556855883         1.9020027720         0.9984347735
    0.231874     -2106.7419509035      1137.7267101364      -969.0152407671         1.9009635925         0.9985019387
    0.241148     -2109.3151728187      1137.0513804230      -972.2637923958         1.8998352221         0.9985749672
    0.250423     -2112.2601653769      1136.7864982010      -975.4736671759         1.8993926453         0.9986036389
    0.259698     -2115.5068304767      1136.8706711516      -978.6361593251         1.8995332851         0.9985945260
    0.268973     -2119.6292167988      1137.6151254625      -982.0140913363         1.9007771520         0.9985139981
    0.278248     -2125.0421605036      1139.3106460142      -985.7315144894         1.9036101019         0.9983310582
    0.287523     -2133.0027982102      1142.6890881324      -990.3137100778         1.9092549509         0.9979684537
    0.296798     -2144.1864195550      1147.7964365190      -996.3899830360         1.9177885322         0.9974250807
    0.306073     -2156.5510459729      1152.8271932738     -1003.7238526992         1.9261941408         0.9968954186
    0.315348     -2167.7790612021      1156.0003671192     -1011.7786940829         1.9314960186         0.9965641320
    0.324623     -2176.4915802401      1156.4921408448     -1019.9994393953         1.9323176956         0.9965129819
    0.333898     -2181.2705116138      1153.7482324926     -1027.5222791212         1.9277330535         0.9967990382
    0.343173     -2181.5935987586      1148.1721995368     -1033.4213992218         1.9184163735         0.9973853289
    0.352448     -2180.6973958607      1142.8510519552     -1037.8463439054         1.9095255672         0.9979511340
    0.361723     -2182.6162079771      1140.3877676690     -1042.2284403081         1.9054098040         0.9982151756
    0.370998     -2184.8988743143      1139.0163156134     -1045.8825587009         1.9031183218         0.9983627690
    0.380273     -2188.2125779180      1138.7795289636     -1049.4330489543         1.9027226883         0.9983882942
    0.389547     -2194.3472980824      1140.6808984402     -1053.6663996423         1.9058995797         0.9981836839
    0.398822     -2202.5263086457      1143.8682200399     -1058.6580886058         1.9112250961         0.9978424955
    0.408097     -2212.0106421451      1147.4468232680     -1064.5638188771         1.9172043831         0.9974620938
    0.417372     -2221.9939122649      1150.6673441468     -1071.3265681181         1.9225853703         0.9971221471
    0.426647     -2231.3210235850      1152.7452019172     -1078.5758216678         1.9260571461         0.9969040072
    0.435922     -2239.3154827924      1153.3344786824     -1085.9810041100         1.9270417355         0.9968423122
    0.445197     -2245.5004544019      1152.4096347304     -1093.0908196715         1.9254964657         0.9969391732
    0.454472     -2250.4096720620      1150.7465923405     -1099.6630797215         1.9227177817         0.9971138103
    0.463747     -2255.8596736641      1149.6807032784     -1106.1789703857         1.9209368476         0.9972260542
    0.473022     -2261.1226280880      1148.6227939626     -1112.4998341254         1.9191692464         0.9973377013
    0.482297     -2264.8961272184      1146.8537532315     -1118.0423739869         1.9162134557         0.9975249424
    0.491572     -2269.2428612078      1145.7090741224     -1123.5337870854         1.9143008757         0.9976464635
    0.500847     -2273.4692114078      1144.6609931130     -1128.8082182947         1.9125496961         0.9977579819
    0.510122     -2276.0843619179      1142.7434287119     -1133.3409332060         1.9093457456         0.9979626421
    0.519397     -2278.8860090903      1141.3092762265     -1137.5767328638         1.9069495008         0.9981162403
    0.528672     -2283.2514342694      1141.2058860464     -1142.0455482229         1.9067767520         0.9981273311
    0.537947     -2287.3135421837      1140.7938230272     -1146.5197191565         1.9060882590         0.9981715573
    0.547221     -2288.0749239946      1137.9928363310     -1150.0820876636         1.9014082478         0.9984731887
    0.556496     -2285.9638015769      1133.7217342217     -1152.2420673552         1.8942719035         0.9989365345
    0.565771     -2285.9646041728      1131.9029815813     -1154.0616225915         1.8912330519         0.9991350988
    0.575046     -2290.9871908286      1134.1646949180     -1156.8224959106         1.8950120216         0.9988882882
    0.584321     -2299.3626991828      1139.1109201827     -1160.2517790001         1.9032763913         0.9983525743
    0.593596     -2314.4632863029      1148.3180716368     -1166.1452146661         1.9186601030         0.9973699054
    0.602871     -2337.2067662803      1161.3257890565     -1175.8809772238         1.9403939667         0.9960129473
    0.612146     -2360.5325262693      1172.2282761296     -1188.3042501397         1.9586103193         0.9949029353
    0.621421     -2377.4496553611      1176.0500542714     -1201.3996010897         1.9649959136         0.9945195651
    0.630696     -2385.2968004922      1172.0033937190     -1213.2934067732         1.9582345760         0.9949255855
    0.639971     -2384.9255698247      1162.2685400553     -1222.6570297694         1.9419691563         0.9959159928
    0.649246     -2379.1842347560      1150.1791083629     -1229.0051263930         1.9217696046         0.9971735388
    0.658521     -2371.3728565104      1138.8107367994     -1232.5621197110         1.9027748317         0.9983849293
    0.667796     -2364.6213727891      1130.6012518407     -1234.0201209484         1.8890580649         0.9992776817
    0.677071     -2362.7408707361      1127.9416687985     -1234.7992019376         1.8846143171         0.9995702091
    0.686346     -2369.3482957001      1132.4813843331     -1236.8669113670         1.8921994726         0.9990718690
    0.695621     -2385.4151876584      1143.4834650072     -1241.9317226511         1.9105822306         0.9978835623
    0.704895     -2407.4003915473      1156.7280356425     -1250.6723559047         1.9327118390         0.9964884643
    0.714170     -2426.6868400555      1165.2520033549     -1261.4348367005         1.9469540574         0.9956103864
    0.723445     -2436.3320614626      1164.7122452407     -1271.6198162219         1.9460522059         0.9956655389
    0.732720     -2436.2764981231      1156.7721617551     -1279.5043363680         1.9327855668         0.9964838794
    0.741995     -2431.5112640081      1146.6298441757     -1284.8814198324         1.9158393386         0.9975486904
    0.751270     -2426.9736951165      1138.5571803725     -1288.4165147440         1.9023511786         0.9984122745
    0.760545     -2425.2490747929      1134.3876934121     -1290.8613813809         1.8953846172         0.9988640165
    0.769820     -2428.4709231731      1134.8408267922     -1293.6300963808         1.8961417323         0.9988147313
    0.779095     -2435.5851926912      1138.1494253685     -1297.4357673227         1.9016698837         0.9984562796
    0.788370     -2442.5484648784      1140.8044433526     -1301.7440215258         1.9061060039         0.9981704169
    0.797645     -2447.0780186707      1141.0777317525     -1306.0002869182         1.9065626262         0.9981410817
    0.806920     -2448.9837363609      1139.3044943070     -1309.6792420539         1.9035998234         0.9983317208
    0.816195     -2450.2285198885      1137.4322087398     -1312.7963111487         1.9004715267         0.9985337727
    0.825470     -2454.0084278930      1137.7965290863     -1316.2118988067         1.9010802491         0.9984943945
    0.834745     -2460.8987040198      1140.4129800901     -1320.4857239297         1.9054519300         0.9982124663
    0.844020     -2468.5835920877      1143.1557712477     -1325.4278208399         1.9100347055         0.9979185645
    0.853295     -2474.9286325320      1144.3607413257     -1330.5678912063         1.9120480223         0.9977899739
    0.862569     -2479.2403828381      1143.7096113784     -1335.5307714597         1.9109600858         0.9978594206
    0.871844     -2481.1797154063      1141.3021392514     -1339.8775761549         1.9069375760         0.9981170058
    0.881119     -2480.9388162627      1137.7821250825     -1343.1566911801         1.9010561823         0.9984959508
    0.890394     -2480.9333517547      1135.1798887548     -1345.7534629999         1.8967082519         0.9987778837
    0.899669     -2484.0762405091      1135.6070769227     -1348.4691635864         1.8974220166         0.9987314960
    0.908944     -2492.6511358943      1140.1579308842     -1352.4932050101         1.9050257826         0.9982398810
    0.918219     -2505.7942639000      1147.1543077155     -1358.6399561845         1.9167156353         0.9974930825
    0.927494     -2517.9155571353      1152.1100303020     -1365.8055268334         1.9249958735         0.9969705908
    0.936769     -2526.1714933488      1153.2745650513     -1372.8969282974         1.9269416292         0.9968485815
    0.946044     -2532.5534495204      1152.5970687145     -1379.9563808059         1.9258096386         0.9969195279
    0.955319     -2537.8283361304      1150.9910152304     -1386.8373209000         1.9231261742         0.9970881059
    0.964594     -2540.0445234786      1147.3014716207     -1392.7430518579         1.9169615232         0.9974774898
    0.973869     -2538.0178309640      1141.0761315398     -1396.9416994242         1.9065599524         0.9981412534
    0.983144     -2532.9647934304      1133.7037398538     -1399.2610535766         1.8942418377         0.9989384954
    0.992419     -2527.2215504447      1127.2616150279     -1399.9599354168         1.8834780535         0.9996452712
    1.001694     -2523.7665550649      1123.9812047012     -1399.7853503637         1.8779970003         1.0000088671
    1.010968     -2525.9620338232      1125.7298385284     -1400.2321952948         1.8809186943         0.9998147380
    1.020243     -2534.4504822926      1132.0527628548     -1402.3977194377         1.8914833130         0.9991187177
    1.029518     -2547.5927454621      1140.9134673621     -1406.6792781001         1.9062881660         0.9981587121
    1.038793     -2564.3735759081      1150.8823058069     -1413.4912701012         1.9229445377         0.9970995366
    1.048068     -2583.0252465586      1160.2225574463     -1422.8026891123         1.9385506390         0.9961266421
    1.057343     -2599.2978787113      1165.7228704107     -1433.5750083006         1.9477408027         0.9955623224
    1.066618     -2608.3194019504      1164.6064048712     -1443.7129970792         1.9458753632         0.9956763607
    1.075893     -2610.8170158440      1158.9747430066     -1451.8422728374         1.9364657360         0.9962555449
    1.085168     -2615.1972781776      1155.7482488420     -1459.4490293356         1.9310747683         0.9965903752
    1.094443     -2625.2194952881      1157.0547220671     -1468.1647732210         1.9332576810         0.9964545299
    1.103718     -2634.4705867285      1157.6871590607     -1476.7834276679         1.9343143844         0.9963889000
    1.112993     -2639.0853353665      1154.7487917703     -1484.3365435962         1.9294048317         0.9966945425
    1.122268     -2640.6915857005      1150.0526947648     -1490.6388909357         1.9215583872         0.9971868535
    1.131543     -2642.3217417945      1146.0464520140     -1496.2752897805         1.9148645815         0.9976106171
    1.140818     -2643.3191989326      1142.2835293742     -1501.0356695584         1.9085773256         0.9980118477
    1.150093     -2642.2945066390      1137.8639810262     -1504.4305256128         1.9011929508         0.9984871072
    1.159368     -2641.1908047880      1134.3479544900     -1506.8428502980         1.8953182197         0.9988683410
    1.168642     -2643.3588273547      1134.1109090208     -1509.2479183339         1.8949221538         0.9988941440
    1.177917     -2650.6979513402      1137.8234880877     -1512.8744632525         1.9011252934         0.9984914818
    1.187192     -2660.8934767426      1143.1039761520     -1517.7895005906         1.9099481640         0.9979240991
    1.196467     -2671.7197046089      1148.1004149182     -1523.6192896907         1.9182964326         0.9973929206
    1.205742     -2684.6891715731      1153.6282935814     -1531.0608779917         1.9275326543         0.9968115787
    1.215017     -2698.5251408395      1158.5378549569     -1539.9872858826         1.9357357643         0.9963007542
    1.224292     -2708.6924288243      1159.7243063579     -1548.9681224663         1.9377181393         0.9961780736
    1.233567     -2713.8138984063      1156.8202036522     -1556.9936947541         1.9328658373         0.9964788881
    1.242842     -2716.1597822828      1152.2473764228     -1563.9124058600         1.9252253574         0.9969561858
    1.252117     -2717.9064917261      1147.9931258780     -1569.9133658481         1.9181171694         0.9974042692
    1.261392     -2719.5596443381      1144.5505704769     -1575.0090738611         1.9123651971         0.9977697452
    1.270667     -2721.8846590174      1142.3369385467     -1579.5477204707         1.9086665640         0.9980061310
    1.279942     -2725.4276076204      1141.3915920304     -1584.0360155900         1.9070870376         0.9981074119
    1.289217     -2728.5112902024      1140.3085447739     -1588.2027454285         1.9052774349         0.9982236900
    1.298492     -2730.1967430470      1138.5187140150     -1591.6780290320         1.9022869073         0.9984164242
    1.307767     -2732.7164628780      1137.7510710093     -1594.9653918686         1.9010042958         0.9984993063
    1.317042     -2738.5537310995      1139.6763258208     -1598.8774052787         1.9042210958         0.9982916873
    1.326316     -2747.9083847710      1143.8372450143     -1604.0711397566         1.9111733417         0.9978458004
    1.335591     -2757.4940751670      1147.3394650900     -1610.1546100769         1.9170250043         0.9974734650
    1.344866     -2763.3367072259      1147.2384891684     -1616.0982180575         1.9168562893         0.9974841625
    1.354141     -2763.4554965643      1142.8196632612     -1620.6358333032         1.9094731216         0.9979544901
    1.363416     -2760.3830877100      1136.9179401243     -1623.4651475856         1.8996122642         0.9985894092
    1.372691     -2760.0650375299      1134.2930252368     -1625.7720122931         1.8952264415         0.9988743190
    1.381966     -2766.3719579444      1137.1951992333     -1629.1767587111         1.9000755209         0.9985594064
    1.391241     -2777.5528186196      1143.1832943230     -1634.3695242966         1.9100806923         0.9979156237
    1.400516     -2788.0305172025      1147.6225361223     -1640.4079810802         1.9174979718         0.9974434880
    1.409791     -2795.5326034313      1149.0629124589     -1646.4696909724         1.9199046156         0.9972912236
    1.419066     -2802.2606249631      1149.5303920428     -1652.7302329203         1.9206857010         0.9972419025
    1.428341     -2809.8212233007      1150.4849809278     -1659.3362423728         1.9222806699         0.9971413367
    1.437616     -2818.0872793651      1151.7158334677     -1666.3714458974         1.9243372322         0.9970119572
    1.446891     -2825.2502752679      1151.7621138087     -1673.4881614592         1.9244145594         0.9970070989
    1.456166     -2828.9298666935      1149.1592836353     -1679.7705830582         1.9200656368         0.9972810521
    1.465441     -2829.7373362269      1145.0130289306     -1684.7243072964         1.9131378929         0.9977204975
    1.474716     -2832.2707297188      1143.0273456329     -1689.2433840859         1.9098201264         0.9979322886
    1.483990     -2840.2026992584      1145.4337971372     -1694.7689021212         1.9138409309         0.9976757303
    1.493265     -2851.6145089228      1150.0121215340     -1701.6023873888         1.9214905957         0.9971911277
    1.502540     -2862.2936914254      1153.3189082248     -1708.9747832006         1.9270157197         0.9968439414
    1.511815     -2870.9735499222      1154.2610802837     -1716.7124696385         1.9285899420         0.9967454510
    1.521090     -2875.2897956437      1151.4918235936     -1723.7979720501         1.9239629467         0.9970354794
    1.530365     -2873.1371625816      1144.4025659442     -1728.7345966374         1.9121179047         0.9977855163
    1.539640     -2867.7572728822      1136.2653892850     -1731.4918835972         1.8985219537         0.9986600918
    1.548915     -2865.1707240195      1132.0096642480     -1733.1610597715         1.8914113020         0.9991234307
    1.558190     -2870.6240118842      1134.6585232459     -1735.9654886383         1.8958371316         0.9988345540
    1.567465     -2882.3622569080      1141.6438019669     -1740.7184549411         1.9075084410         0.9980803717
    1.576740     -2895.0494798934      1148.1969768600     -1746.8525030334         1.9184577725         0.9973827088
    1.586015     -2905.9797674736      1151.9501212060     -1754.0296462676         1.9247286904         0.9969873674
    1.595290     -2912.0044260333      1151.0652866620     -1760.9391393714         1.9232502701         0.9970802978
    1.604565     -2911.5124702625      1145.4635558241     -1766.0489144385         1.9138906530         0.9976725656
    1.613840     -2908.1694807217      1138.6397953817     -1769.5296853400         1.9024892153         0.9984033631
    1.623115     -2905.3846721794      1133.5522565902     -1771.8324155892         1.8939887328         0.9989550055
    1.632389     -2905.4285054239      1131.8636951537     -1773.5648102702         1.8911674104         0.9991393963
    1.641664     -2911.5014676413      1135.1436911508     -1776.3577764906         1.8966477713         0.9987818162
    1.650939     -2922.9753468663      1141.7873658761     -1781.1879809903         1.9077483139         0.9980649860
    1.660214     -2933.9377600265      1146.7752380006     -1787.1625220259         1.9160822690         0.9975332685
    1.669489     -2939.9310806133      1147.1580539099     -1792.7730267034         1.9167218946         0.9974926855
    1.678764     -2942.5690603072      1144.7527744194     -1797.8162858878         1.9127030483         0.9977482065
    1.688039     -2943.6101052536      1141.3842404318     -1802.2258648219         1.9070747543         0.9981082003
    1.697314     -2942.4949401369      1137.1275260146     -1805.3674141223         1.8999624495         0.9985667278
    1.706589     -2940.9446099992      1133.3813618486     -1807.5632481506         1.8937031944         0.9989736376
    1.715864     -2940.6381079344      1131.1026746766     -1809.5354332578         1.8898958641         0.9992227131
    1.725139     -2939.2408058934      1128.4873398007     -1810.7534660927         1.8855260481         0.9995100574
    1.734414     -2935.8317404932      1125.1014625860     -1810.7302779072         1.8798687763         0.9998844163
    1.743689     -2934.3537110085      1123.8700811887     -1810.4836298198         1.8778113303         1.0000212280
    1.752964     -2937.5573295255      1126.3607950817     -1811.1965344438         1.8819729241         0.9997448664
    1.762239     -2943.5547098152      1130.6166280082     -1812.9380818070         1.8890837561         0.9992759953
    1.771514     -2950.3579459951      1134.7959411196     -1815.5620048756         1.8960667354         0.9988196113
    1.780789     -2957.8755708066      1138.6919572174     -1819.1836135891         1.9025763696         0.9983977375
    1.790063     -2965.8060870328      1142.0355300412     -1823.7705569916         1.9081629575         0.9980384012
    1.799338     -2972.3449372229      1143.5576360419     -1828.7873011810         1.9107061588         0.9978756431
    1.808613     -2975.3474941323      1142.0429892654     -1833.3045048669         1.9081754207         0.9980376024
    1.817888     -2974.5462232160      1137.8641741603     -1836.6820490558         1.9011932735         0.9984870863
    1.827163     -2971.2417145688      1132.5466065233     -1838.6951080455         1.8923084487         0.9990647439
    1.836438     -2967.5908237338      1128.1153527033     -1839.4754710305         1.8849045158         0.9995510557
    1.845713     -2967.0237490439      1126.9081773572     -1840.1155716867         1.8828875144         0.9996843250
    1.854988     -2970.5444711213      1128.9445438318     -1841.5999272895         1.8862899646         0.9994597109
    1.864263     -2974.6174448280      1130.9623291752     -1843.6551156528         1.8896613687         0.9992380927
    1.873538     -2975.0616350319      1129.9376584523     -1845.1239765797         1.8879493040         0.9993505174
    1.882813     -2972.6009110501      1127.0344078241     -1845.5665032260         1.8830984258         0.9996703735
    1.892088     -2971.4072595987      1125.4079867893     -1845.9992728094         1.8803809303         0.9998504154
    1.901363     -2970.9815904065      1124.6591133588     -1846.3224770477         1.8791296798         0.9999335222
    1.910638     -2969.1890326655      1123.1139929593     -1846.0750397061         1.8765480250         1.0001054091
    1.919913     -2966.3521136428      1121.1935084152     -1845.1586052276         1.8733391953         1.0003198380
    1.929188     -2965.3136654158      1121.0681290324     -1844.2455363834         1.8731297060         1.0003338674
    1.938463     -2968.4222389147      1124.1456909053     -1844.2765480094         1.8782718311         0.9999905756
    1.947737     -2975.5740818190      1129.7871854239     -1845.7868963951         1.8876978871         0.9993670473
    1.957012     -2985.1125484715      1136.0979968424     -1849.0145516291         1.8982422671         0.9986782388
    1.966287     -2993.4539299805      1140.1649795991     -1853.2889503815         1.9050375599         0.9982391231
    1.975562     -2997.1966275327      1139.9952323572     -1857.2013951755         1.9047539388         0.9982573767
    1.984837     -2997.8040225922      1137.6107496666     -1860.1932729256         1.9007698407         0.9985144711
    1.994112     -3000.6233421257      1137.1404648808     -1863.4828772449         1.8999840683         0.9985653279
    2.003387     -3005.7450184279      1138.3453221687     -1867.3996962592         1.9019971966         0.9984351337
    2.012662     -3008.6515116135      1137.6720894252     -1870.9794221882         1.9008723299         0.9985078414
    2.021937     -3007.1147306705      1133.8108812145     -1873.3038494560         1.8944208542         0.9989268212
    2.031212     -3003.3541977700      1129.0880134389     -1874.2661843311         1.8865296799         0.9994439223
    2.040487     -3001.7452121892      1126.8468865318     -1874.8983256574         1.8827851070         0.9996911004
    2.049762     -3003.1391921443      1127.2471843165     -1875.8920078278         1.8834539420         0.9996468652
    2.059037     -3004.3995918466      1127.5134709939     -1876.8861208526         1.8838988655         0.9996174597
    2.068312     -3003.0864799120      1125.8298225995     -1877.2566573125         1.8810857520         0.9998036596
    2.077587     -2999.7657866449      1122.9321360196     -1876.8336506253         1.8762441705         1.0001256767
    2.086862     -2996.3975327597      1120.5734849276     -1875.8240478322         1.8723032330         1.0003892523
    2.096137     -2995.6007904431      1120.8629096278     -1874.7378808153         1.8727868164         1.0003568386
    2.105411     -3001.5586212960      1126.3396147125     -1875.2190065835         1.8819375350         0.9997472104
    2.114686     -3015.3162584959      1136.6274658063     -1878.6887926896         1.8991269270         0.9986208608
    2.123961     -3032.0580643094      1147.1858816329     -1884.8721826766         1.9167683904         0.9974897367
    2.133236     -3045.5143120141      1153.0974168446     -1892.4168951695         1.9266456422         0.9968671227
    2.142511     -3051.5109960707      1152.0443853245     -1899.4666107462         1.9248861910         0.9969774772
    2.151786     -3049.8284732664      1145.2523353677     -1904.5761378986         1.9135377366         0.9976950319
    2.161061     -3044.2568244276      1136.7886781212     -1907.4681463064         1.8993962876         0.9986034029
    2.170336     -3040.3054795889      1131.2127846956     -1909.0926948932         1.8900798408         0.9992106499
    2.179611     -3041.8775045920      1131.0308434120     -1910.8466611800         1.8897758453         0.9992305840
    2.188886     -3049.9146767919      1135.9116133472     -1914.0030634446         1.8979308494         0.9986984521
    2.198161     -3062.0695250214      1143.0006824948     -1919.0688425266         1.9097755764         0.9979351384
    2.207436     -3074.0279487895      1148.7101820655     -1925.3177667240         1.9193152583         0.9973284695
    2.216711     -3084.3184418681      1152.0905545464     -1932.2278873217         1.9249633326         0.9969726338
    2.225986     -3093.4907636327      1153.6170183393     -1939.8737452934         1.9275138151         0.9968127578
    2.235261     -3098.3361699264      1151.4023090644     -1946.9338608620         1.9238133819         0.9970448819
    2.244536     -3097.1605536870      1145.3240790960     -1951.8364745910         1.9136576092         0.9976873999
    2.253810     -3096.1880065184      1140.5336871403     -1955.6543193781         1.9056536126         0.9981994968
    2.263085     -3100.1163899762      1140.2282523287     -1959.8881376475         1.9051432787         0.9982323208
    2.272360     -3106.4262243650      1141.8790762105     -1964.5471481546         1.9079015476         0.9980551599
    2.281635     -3111.5587968702      1142.3524368483     -1969.2063600219         1.9086924592         0.9980044722
    2.290910     -3113.5239602268      1140.1220325560     -1973.4019276707         1.9049658021         0.9982437408
    2.300185     -3110.4230039192      1134.5328407470     -1975.8901631722         1.8956271358         0.9988482245
    2.309460     -3104.5206192682      1127.9549860883     -1976.5656331798         1.8846365682         0.9995687403
    2.318735     -3100.7962387661      1124.3309824241     -1976.4652563420         1.8785814243         0.9999699782
    2.328010     -3102.1854269811      1125.1956996577     -1976.9897273234         1.8800262317         0.9998739608
    2.337285     -3106.0927534809      1127.8661128503     -1978.2266406306         1.8844880749         0.9995785434
    2.346560     -3109.0601802876      1129.5341112204     -1979.5260690672         1.8872750396         0.9993948602
    2.355835     -3112.4408906446      1131.3532867446     -1981.0876039000         1.8903145977         0.9991952613
    2.365110     -3120.0436381197      1135.9234987993     -1984.1201393204         1.8979507081         0.9986971629
    2.374385     -3130.9952486195      1142.0482937515     -1988.9469548680         1.9081842836         0.9980370343
    2.383660     -3141.4537948685      1147.0368836614     -1994.4169112072         1.9165194380         0.9975055275
    2.392935     -3154.4512486499      1153.0369046877     -2001.4143439622         1.9265445358         0.9968734577
    2.402210     -3172.0239553818      1160.9498280890     -2011.0741272927         1.9397657946         0.9960516637
    2.411484     -3187.7703480054      1165.9707711098     -2021.7995768957         1.9481550060         0.9955370363
    2.420759     -3197.1710823436      1165.1659070089     -2032.0051753346         1.9468102039         0.9956191797
    2.430034     -3200.9549041639      1160.1368380044     -2040.8180661595         1.9384074152         0.9961354867
    2.439309     -3202.4440456162      1154.2597102573     -2048.1843353589         1.9285876529         0.9967455941
    2.448584     -3204.3530774704      1149.7160783162     -2054.6369991542         1.9209959537         0.9972223250
    2.457859     -3206.8377587462      1146.6785670147     -2060.1591917314         1.9159207469         0.9975435219
    2.467134     -3211.3846601297      1145.8012025428     -2065.5834575869         1.9144548079         0.9976366724
    2.476409     -3217.7078422776      1146.2684498971     -2071.4393923805         1.9152355053         0.9975870433
    2.485684     -3221.7069243140      1144.8754499369     -2076.8314743772         1.9129080199         0.9977351435
    2.494959     -3221.0406443022      1140.2555734049     -2080.7850708973         1.9051889280         0.9982293838
    2.504234     -3217.7998141894      1134.6025491617     -2083.1972650277         1.8957436076         0.9988406419
    2.513509     -3215.8924631751      1130.9576955526     -2084.9347676225         1.8896536267         0.9992386005
    2.522784     -3216.2086269397      1129.6682814563     -2086.5403454834         1.8874992171         0.9993801130
    2.532059     -3216.9023654299      1128.9955420447     -2087.9068233852         1.8863751747         0.9994540981
    2.541334     -3217.0268792504      1128.1817363718     -2088.8451428786         1.8850154325         0.9995437369
    2.550609     -3218.3211497091      1128.3665136341     -2089.9546360751         1.8853241665         0.9995233707
    2.559884     -3220.1919947326      1128.6802223279     -2091.5117724047         1.8858483247         0.9994888116
    2.569158     -3218.0251334233      1126.0780667619     -2091.9470666615         1.8815005293         0.9997761640
    2.578433     -3212.2839153211      1121.1119298855     -2091.1719854356         1.8732028904         1.0003289658
    2.587708     -3204.0699144065      1115.1902954173     -2088.8796189892         1.8633087643         1.0009957820
    2.596983     -3195.6186374365      1110.5516467583     -2085.0669906782         1.8555583070         1.0015240375
    2.606258     -3193.1189084581      1111.3431605041     -2081.7757479540         1.8568808028         1.0014335275
    2.615533     -3198.8508730605      1118.3589968728     -2080.4918761877         1.8686031694         1.0006379207
    2.624808     -3210.5152815921      1128.6305076888     -2081.8847739033         1.8857652593         0.9994942868
    2.634083     -3223.8739845639      1138.3321352984     -2085.5418492655         1.9019751634         0.9984365568
    2.643358     -3236.6486625556      1145.7835227303     -2090.8651398254         1.9144252677         0.9976385512
    2.652633     -3249.1751885654      1151.4748323842     -2097.7003561812         1.9239345570         0.9970372640
    2.661908     -3260.7830599870      1155.1225745264     -2105.6604854606         1.9300293643         0.9966555605
    2.671183     -3268.2577388419      1154.7514904592     -2113.5062483827         1.9294093408         0.9966942609
    2.680458     -3269.2031721395      1149.4718454803     -2119.7313266592         1.9205878788         0.9972480768
    2.689733     -3265.9291733113      1142.1263412538     -2123.8028320575         1.9083146888         0.9980286764
    2.699008     -3264.9949502425      1137.9748540914     -2127.0200961511         1.9013782023         0.9984751309
    2.708283     -3270.1442260618      1139.0781808067     -2131.0660452551         1.9032216889         0.9983561021
    2.717558     -3277.5253636743      1141.6094136290     -2135.9159500452         1.9074509835         0.9980840577
    2.726832     -3280.7363525136      1140.5492733066     -2140.1870792070         1.9056796546         0.9981978223
    2.736107     -3278.0251734612      1135.3378506516     -2142.6873228095         1.8969721815         0.9987607260
    2.745382     -3274.2673952048      1130.3049868457     -2143.9624083591         1.8885630524         0.9993101871
    2.754657     -3273.7407808905      1128.4186204350     -2145.3221604555         1.8854112288         0.9995176288
    2.763932     -3273.8801131273      1127.5566821913     -2146.3234309360         1.8839710646         0.9996126895
    2.773207     -3273.3659688750      1126.7069047786     -2146.6590640965         1.8825512193         0.9997065779
    2.782482     -3276.3173717630      1128.6980247526     -2147.6193470104         1.8858780698         0.9994868511
    2.791757     -3285.0722193194      1134.5774126229     -2150.4948066965         1.8957016084         0.9988433760
    2.801032     -3295.8432471872      1140.8241353389     -2155.0191118483         1.9061389062         0.9981683026
    2.810307     -3303.3535094435      1143.4228738953     -2159.9306355482         1.9104809923         0.9978900325
    2.819582     -3305.9019063675      1141.7026765927     -2164.1992297748         1.9076068113         0.9980740615
    2.828857     -3305.2230120760      1137.7652247709     -2167.4577873051         1.9010279445         0.9984977769
    2.838132     -3303.6305664418      1133.7724573067     -2169.8581091352         1.8943566538         0.9989310076
    2.847407     -3301.9650800328      1130.5459085095     -2171.4191715232         1.8889655948         0.9992837523
    2.856682     -3301.6844147266      1129.1807420558     -2172.5036726708         1.8866846150         0.9994337201
    2.865957     -3305.3700325847      1130.9805123012     -2174.3895202835         1.8896917499         0.9992360998
    2.875231     -3311.1522908492      1133.9352738334     -2177.2170170158         1.8946286948         0.9989132707
    2.884506     -3314.5785720959      1134.6329994011     -2179.9455726948         1.8957944852         0.9988373300
    2.893781     -3314.3302402974      1132.2933975744     -2182.0368427230         1.8918853761         0.9990924109
    2.903056     -3310.8035013114      1127.9547867468     -2182.8487145646         1.8846362352         0.9995687623
    2.912331     -3306.6135735629      1123.9071836836     -2182.7063898793         1.8778733228         1.0000171005
    2.921606     -3303.8859932462      1121.7630964176     -2182.1228968286         1.8742908879         1.0002561505
    2.930881     -3303.2394518173      1121.7042221476     -2181.5352296697         1.8741925182         1.0002627299
    2.940156     -3305.0726783685      1123.6613713673     -2181.4113070013         1.8774626088         1.0000444518
    2.949431     -3309.6453485169      1127.2764870759     -2182.3688614410         1.8835029024         0.9996436285
    2.958706     -3315.1681421846      1131.0054538515     -2184.1626883330         1.8897334233         0.9992333664
    2.967981     -3320.8368881835      1134.2734457890     -2186.5634423946         1.8951937273         0.9988764501
    2.977256     -3328.0515981262      1138.0267778609     -2190.0248202653         1.9014649588         0.9984695231
    2.986531     -3336.3320052375      1141.6825159096     -2194.6494893279         1.9075731260         0.9980762223
    2.995806     -3342.1633889093      1142.7373260925     -2199.4260628167         1.9093355490         0.9979632947
    3.005081     -3343.7971168842      1140.4389961495     -2203.3581207346         1.9054953987         0.9982096707
    3.014356     -3343.2646658058      1136.8019262431     -2206.4627395627         1.8994184231         0.9986019685
    3.023631     -3342.0523424683      1133.2085830286     -2208.8437594397         1.8934145080         0.9989924818
    3.032905     -3339.8024033134      1129.6754244963     -2210.1269788171         1.8875111520         0.9993793280
    3.042180     -3338.8741622668      1128.0746849902     -2210.7994772767         1.8848365664         0.9995555398
    3.051455     -3343.9444162135      1131.2885841597     -2212.6558320538         1.8902064898         0.9992023474
    3.060730     -3354.3884539839      1137.8043105639     -2216.5841434200         1.9010932507         0.9984935538
    3.070005     -3363.6862053267      1142.2751501227     -2221.4110552041         1.9085633252         0.9980127447
    3.079280     -3367.5375927652      1141.6604512805     -2225.8771414847         1.9075362594         0.9980785871
    3.088555     -3364.9751939836      1136.2234000900     -2228.7517938936         1.8984517963         0.9986646432
    3.097830     -3358.8672353143      1129.3016984110     -2229.5655369033         1.8868867141         0.9994204153
    3.107105     -3356.2951047445      1126.4033246878     -2229.8917800567         1.8820439844         0.9997401600
    3.116380     -3361.0881237213      1129.5944281673     -2231.4936955540         1.8873758198         0.9993882300
    3.125655     -3370.7021983418      1136.0114403149     -2234.6907580269         1.8980976446         0.9986876249
    3.134930     -3381.8865977371      1142.4378573255     -2239.4487404116         1.9088351835         0.9979953306
    3.144205     -3392.1960243943      1146.8721968008     -2245.3238275935         1.9162442720         0.9975229867
    3.153480     -3399.4955926543      1148.0051233773     -2251.4904692770         1.9181372153         0.9974030000
    3.162755     -3402.3284184606      1145.4749001260     -2256.8535183346         1.9139096076         0.9976713593
    3.172030     -3402.5683112293      1141.6916110502     -2260.8767001791         1.9075883226         0.9980752475
    3.181305     -3406.3457725082      1141.1411756968     -2265.2045968115         1.9066686311         0.9981342739
    3.190579     -3413.8844567998      1143.4740492774     -2270.4104075224         1.9105664984         0.9978845677
    3.199854     -3421.1796674955      1145.4702436658     -2275.7094238298         1.9139018273         0.9976718544
    3.209129     -3429.0516184640      1147.6140358913     -2281.4375825727         1.9174837692         0.9974443879
    3.218404     -3439.9153247299      1151.4940185699     -2288.4213061600         1.9239666142         0.9970352489
    3.227679     -3452.6758138047      1156.1390689008     -2296.5367449039         1.9317277676         0.9965497002
    3.236954     -3466.2003485649      1160.6788312509     -2305.5215173140         1.9393130013         0.9960795893
    3.246229     -3482.4016936330      1166.3883319737     -2316.0133616593         1.9488526850         0.9954944732
    3.255504     -3501.8158177780      1173.1825788424     -2328.6332389356         1.9602048101         0.9948069317
    3.264779     -3519.2918314958      1176.9463467385     -2342.3454847573         1.9664934783         0.9944300804
    3.274054     -3528.0241728260      1173.1583500904     -2354.8658227356         1.9601643276         0.9948093669
    3.283329     -3525.3481364994      1161.3673658245     -2363.9807706749         1.9404634350         0.9960086675
    3.292604     -3518.2896456574      1149.1309179342     -2369.1587277232         1.9200182422         0.9972840458
    3.301879     -3520.0281976267      1144.9629371666     -2375.0652604601         1.9130541974         0.9977258295
    3.311154     -3523.9333808975      1144.0111474149     -2379.9222334827         1.9114639055         0.9978272485
    3.320429     -3528.0705086173      1143.2399618702     -2384.8305467471         1.9101753749         0.9979095695
    3.329704     -3529.9396986843      1140.6340969644     -2389.3056017199         1.9058213817         0.9981887106
    3.338979     -3524.9429708085      1133.3387846079     -2391.6041862006         1.8936320545         0.9989782807
    3.348253     -3513.9160840637      1122.9885741710     -2390.9275098927         1.8763384698         1.0001193860
    3.357528     -3503.6205899095      1115.3001303843     -2388.3204595252         1.8634922813         1.0009833372
    3.366803     -3500.6791205526      1114.6772193315     -2386.0019012211         1.8624514943         1.0010539546
    3.376078     -3505.3592492744      1120.1153901890     -2385.2438590854         1.8715378282         1.0004405966
    3.385353     -3514.2502901785      1127.9283672934     -2386.3219228851         1.8845920924         0.9995716763
    3.394628     -3525.0734653806      1135.7900993429     -2389.2833660377         1.8977278185         0.9987116345
    3.403903     -3536.7726428272      1142.7288670046     -2394.0437758226         1.9093214152         0.9979641994
    3.413178     -3547.5115429324      1147.3722315887     -2400.1393113437         1.9170797520         0.9974699942
    3.422453     -3553.3669799675      1147.2262119263     -2406.1407680412         1.9168357760         0.9974854634
    3.431728     -3551.7731702146      1141.4860052985     -2410.2871649162         1.9072447875         0.9980972879
    3.441003     -3545.9370970042      1133.6038530501     -2412.3332439541         1.8940749424         0.9989493815
    3.450278     -3541.4739859955      1128.3322702875     -2413.1417157080         1.8852669512         0.9995271444
    3.459553     -3542.9502512671      1128.7846557494     -2414.1655955177         1.8860228166         0.9994773120
    3.468828     -3552.6229340338      1135.4866708379     -2417.1362631959         1.8972208368         0.9987445665
    3.478103     -3568.5192369093      1145.6950750869     -2422.8241618224         1.9142774855         0.9976479515
    3.487378     -3585.8401356922      1154.9913250753     -2430.8488106169         1.9298100670         0.9966692451
    3.496652     -3599.4774633879      1159.5204248031     -2439.9570385848         1.9373774851         0.9961991341
    3.505927     -3605.4794664737      1157.1104933352     -2448.3689731385         1.9333508661         0.9964487389
    3.515202     -3602.0765524366      1147.7543293318     -2454.3222231048         1.9177181777         0.9974295371
    3.524477     -3590.4327592515      1133.8831423861     -2456.5496168654         1.8945415913         0.9989189491
    3.533752     -3576.3270503233      1121.0291111010     -2455.2979392223         1.8730645131         1.0003382341
    3.543027     -3568.6262211821      1115.4510252813     -2453.1751959008         1.8637444031         1.0009662449
    3.552302     -3568.7338917167      1116.8081358707     -2451.9257558461         1.8660119229         1.0008127675
    3.561577     -3571.0334214441      1120.1087074388     -2450.9247140053         1.8715266624         1.0004413460
    3.570852     -3576.8674436009      1125.8872579419     -2450.9801856590         1.8811817175         0.9997972968
    3.580127     -3591.1918303917      1136.6886049747     -2454.5032254170         1.8992290810         0.9986142392
    3.589402     -3608.8285677739      1147.8851104120     -2460.9434573619         1.9179366924         0.9974156972
    3.598677     -3621.4730230972      1153.0933513515     -2468.3796717456         1.9266388494         0.9968675483
    3.607952     -3625.8870472269      1151.0138568488     -2474.8731903781         1.9231643389         0.9970857045
    3.617227     -3625.6158535534      1145.7665117274     -2479.8493418260         1.9143968450         0.9976403590
    3.626502     -3627.4934460886      1143.1846202618     -2484.3088258268         1.9100829077         0.9979154821
    3.635777     -3636.4508569672      1146.5255752542     -2489.9252817130         1.9156651216         0.9975597530
    3.645052     -3652.5038090506      1154.6019858942     -2497.9018231565         1.9291595420         0.9967098611
    3.654326     -3670.8022915301      1162.7876942966     -2508.0145972335         1.9428365819         0.9958626811
    3.663601     -3685.4584663473      1166.5616332981     -2518.8968330491         1.9491422444         0.9954768186
    3.672876     -3693.7339732286      1164.7340942303     -2528.9998789983         1.9460887122         0.9956633052
    3.682151     -3697.2895579387      1159.4119759039     -2537.8775820348         1.9371962839         0.9962103402
    3.691426     -3697.1666238223      1152.2726771567     -2544.8939466656         1.9252676310         0.9969535327
    3.700701     -3695.7674028437      1145.8659292643     -2549.9014735794         1.9145629562         0.9976297945
    3.709976     -3699.4742834100      1144.4365675539     -2555.0377158561         1.9121747160         0.9977818927
    3.719251     -3708.3868334228      1147.3464384002     -2561.0403950227         1.9170366556         0.9974727263
    3.728526     -3719.7693812818      1151.8724110308     -2567.8969702511         1.9245988488         0.9969955222
    3.737801     -3733.6053018105      1157.1692877188     -2576.4360140917         1.9334491023         0.9964426348
    3.747076     -3746.1861859226      1160.3205866483     -2585.8655992743         1.9387144305         0.9961165292
    3.756351     -3752.4437420811      1157.9339461364     -2594.5097959447         1.9347267270         0.9963633132
    3.765626     -3750.3700825497      1149.6061242426     -2600.7639583071         1.9208122377         0.9972339170
    3.774901     -3743.0144239383      1138.9730334463     -2604.0413904920         1.9030460041         0.9983674338
    3.784176     -3738.6120625268      1132.9795021174     -2605.6325604094         1.8930317496         0.9990174772
    3.793451     -3746.9957302110      1137.8011308670     -2609.1945993440         1.9010879380         0.9984938973
    3.802726     -3766.9457961065      1150.3227240902     -2616.6230720163         1.9220095641         0.9971584165
    3.812000     -3785.9596982472      1159.6788043936     -2626.2808938536         1.9376421126         0.9961827731
    3.821275     -3792.6720006476      1157.7803742080     -2634.8916264396         1.9344701323         0.9963792340
    3.830550     -3785.0003933388      1145.3234544469     -2639.6769388918         1.9136565655         0.9976874663
    3.839825     -3771.4737989741      1130.6402879305     -2640.8335110436         1.8891232881         0.9992734003
    3.849100     -3760.9460309163      1121.0501393977     -2639.8958915186         1.8730996481         1.0003358807
    3.858375     -3758.0264759287      1119.4865977623     -2638.5398781663         1.8704872143         1.0005111545
    3.867650     -3765.8541282482      1126.5596863572     -2639.2944418910         1.8823052404         0.9997228606
    3.876925     -3781.9882492531      1138.5134652095     -2643.4747840435         1.9022781374         0.9984169904
    3.886200     -3798.0064664626      1148.1179211346     -2649.8885453279         1.9183256828         0.9973910691
    3.895475     -3808.2849073129      1151.7633989547     -2656.5215083582         1.9244167067         0.9970069640
    3.904750     -3816.2670691554      1152.7718276458     -2663.4952415096         1.9261016335         0.9969012180
    3.914025     -3824.3785271465      1153.3027155907     -2671.0758115559         1.9269886643         0.9968456358
    3.923300     -3829.5854187552      1151.6944737243     -2677.8909450309         1.9243015434         0.9970141996
    3.932575     -3832.9829224151      1149.0798839687     -2683.9030384465         1.9199329724         0.9972894322
    3.941850     -3838.2338634335      1148.3202216849     -2689.9136417487         1.9186636954         0.9973696781
    3.951125     -3846.3767035246      1149.8307678540     -2696.5459356706         1.9211875820         0.9972102367
    3.960400     -3854.9572453946      1151.4411703397     -2703.5160750549         1.9238783130         0.9970407997
    3.969674     -3862.1507094726      1151.7860101792     -2710.3646992934         1.9244544865         0.9970045905
    3.978949     -3868.9046653958      1151.6007714350     -2717.3038939608         1.9241449815         0.9970240380
    3.988224     -3874.6283496030      1150.3742207743     -2724.2541288287         1.9220956070         0.9971529951
    3.997499     -3876.5354570738      1146.9761922858     -2729.5592647879         1.9164180322         0.9975119610
    4.006774     -3881.2191378270      1146.1763818884     -2735.0427559386         1.9150816740         0.9975968186
    4.016049     -3888.7434766529      1147.1197259303     -2741.6237507226         1.9166578545         0.9974967473
    4.025324     -3888.2093161554      1142.1720608283     -2746.0372553271         1.9083910791         0.9980237811
    4.034599     -3880.4801851031      1132.8477913414     -2747.6323937617         1.8928116814         0.9990318538
    4.043874     -3874.3392455325      1126.4941379945     -2747.8451075380         1.8821957193         0.9997301120
    4.053149     -3876.1906497386      1127.4853218266     -2748.7053279119         1.8838518326         0.9996205673
    4.062424     -3886.5946970354      1135.0735571765     -2751.5211398589         1.8965305884         0.9987894365
    4.071699     -3903.8414449193      1146.4875625601     -2757.3538823592         1.9156016083         0.9975637866
    4.080974     -3923.4358237988      1157.3075044112     -2766.1283193876         1.9336800408         0.9964282878
    4.090249     -3938.0756210368      1162.0570750988     -2776.0185459380         1.9416158314         0.9959377242
    4.099524     -3942.3163032601      1157.8262105550     -2784.4900927051         1.9345467177         0.9963744816
    4.108799     -3936.9998211544      1147.1421936254     -2789.8576275290         1.9166953945         0.9974943663
    4.118073     -3929.5852341931      1136.9540844241     -2792.6311497690         1.8996726557         0.9985854970
    4.127348     -3927.7846208696      1132.8676404386     -2794.9169804310         1.8928448462         0.9990296870
    4.136623     -3931.6023674972      1133.8364070480     -2797.7659604492         1.8944635038         0.9989240403
    4.145898     -3936.1721875689      1135.4857094013     -2800.6864781676         1.8972192304         0.9987446709
    4.155173     -3940.0577524964      1136.3299221194     -2803.7278303770         1.8986297780         0.9986530975
    4.164448     -3943.2776089054      1136.3185919779     -2806.9590169275         1.8986108471         0.9986543254
    4.173723     -3943.7865152111      1134.2032181198     -2809.5832970913         1.8950763878         0.9988840944
    4.182998     -3941.1511919803      1130.2917384831     -2810.8594534972         1.8885409164         0.9993116411
    4.192273     -3939.8178766457      1128.2071210312     -2811.6107556145         1.8850578463         0.9995409385
    4.201548     -3944.4268376544      1131.0348760553     -2813.3919615991         1.8897825832         0.9992301421
    4.210823     -3954.8761109884      1137.7043892128     -2817.1717217756         1.9009262978         0.9985043508
    4.220098     -3966.3257919752      1143.8977459942     -2822.4280459810         1.9112744294         0.9978393454
    4.229373     -3974.8627396367      1146.8324647638     -2828.0302748729         1.9161778860         0.9975271998
    4.238648     -3981.6162511533      1147.8061545484     -2833.8100966049         1.9178047695         0.9974240523
    4.247923     -3988.5927915169      1148.5095115677     -2840.0832799492         1.9189799692         0.9973496710
    4.257198     -3993.8861132671      1147.6461077491     -2846.2400055180         1.9175373563         0.9974409925
    4.266473     -3994.2878067789      1143.2144466702     -2851.0733601088         1.9101327430         0.9979122954
    4.275747     -3990.0380977650      1136.2120677517     -2853.8260300133         1.8984328617         0.9986658717
    4.285022     -3985.7291950921      1130.4367120775     -2855.2924830146         1.8887831447         0.9992957321
    4.294297     -3983.8445550285      1127.4698197173     -2856.3747353112         1.8838259310         0.9996222789
    4.303572     -3981.9223350107      1125.1182307627     -2856.8041042480         1.8798967933         0.9998825557
    4.312847     -3979.1081847771      1123.1436826884     -2855.9645020887         1.8765976319         1.0001021010
    4.322122     -3984.0625396178      1127.5755032322     -2856.4870363856         1.8840025117         0.9996106119
    4.331397     -4000.1194940615      1139.0269572885     -2861.0925367730         1.9031361024         0.9983616221
    4.340672     -4015.2946024359      1147.9737091702     -2867.3208932657         1.9180847271         0.9974063233
    4.349947     -4024.0583221314      1150.4515902890     -2873.6067318423         1.9222248793         0.9971448510
    4.359222     -4029.4504257801      1149.5976891457     -2879.8527366343         1.9207981439         0.9972348063
    4.368497     -4033.5292626087      1147.7950252495     -2885.7342373593         1.9177861742         0.9974252301
    4.377772     -4037.0971438667      1145.9859427746     -2891.1112010921         1.9147634800         0.9976170443
    4.387047     -4041.2406760175      1144.9275074772     -2896.3131685403         1.9129950000         0.9977296012
    4.396322     -4045.6401946035      1144.1581170861     -2901.4820775174         1.9117094688         0.9978115749
    4.405597     -4047.7450245482      1141.6240060711     -2906.1210184771         1.9074753652         0.9980824935
    4.414872     -4044.0728288324      1135.1061205291     -2908.9667083033         1.8965849967         0.9987858982
    4.424147     -4033.9909876832      1125.0343377791     -2908.9566499042         1.8797566212         0.9998918650
    4.433421     -4022.1089038438      1115.7435333944     -2906.3653704494         1.8642331385         1.0009331272
    4.442696     -4015.8186283440      1112.3788305050     -2903.4397978390         1.8586112456         1.0013153296
    4.451971     -4015.5738692478      1114.1756631078     -2901.3982061400         1.8616134722         1.0011108826
    4.461246     -4015.9086987021      1116.4586988492     -2899.4499998528         1.8654280683         1.0008522433
    4.470521     -4016.9889970931      1119.1428941622     -2897.8461029309         1.8699129393         1.0005497619
    4.479796     -4022.9141545984      1124.7344388780     -2898.1797157204         1.8792555370         0.9999251570
    4.489071     -4031.3551601662      1131.0474341180     -2900.3077260482         1.8898035658         0.9992287660
    4.498346     -4036.9766610138      1134.1103479920     -2902.8663130218         1.8949212164         0.9988942051
    4.507621     -4039.5586318615      1134.4303383247     -2905.1282935368         1.8954558702         0.9988593763
    4.516896     -4043.7399639296      1135.7112752782     -2908.0286886514         1.8975961158         0.9987201875
    4.526171     -4050.8742107986      1139.0295168066     -2911.8446939920         1.9031403790         0.9983613463
    4.535446     -4059.3666626341      1142.5037196433     -2916.8629429908         1.9089452291         0.9979882833
    4.544721     -4064.5241093900      1143.0136819572     -2921.5104274328         1.9097972965         0.9979337490
    4.553996     -4067.5379082884      1141.8351747411     -2925.7027335473         1.9078281951         0.9980598634
    4.563271     -4072.1468061755      1141.9604594346     -2930.1863467409         1.9080375262         0.9980464418
    4.572546     -4078.3158010849      1143.2099771691     -2935.1058239158         1.9101252751         0.9979127729
    4.581821     -4083.7005790543      1143.5711321925     -2940.1294468619         1.9107287088         0.9978742023
    4.591095     -4086.0123114915      1141.5526103394     -2944.4597011521         1.9073560741         0.9980901470
    4.600370     -4085.8515675774      1138.0942815976     -2947.7572859799         1.9015777470         0.9984622336
    4.609645     -4086.3262463138      1135.8052651535     -2950.5209811604         1.8977531582         0.9987099891
    4.618920     -4089.9507732626      1136.2412587038     -2953.7095145588         1.8984816353         0.9986627074
    4.628195     -4094.7082877357      1137.2465911107     -2957.4616966250         1.9001613887         0.9985538470
    4.637470     -4094.7753666967      1134.5206789854     -2960.2546877113         1.8956068153         0.9988495475
