# r   g(r)
         0.0116005874         2.1220659079
         0.0348017621         0.6063045451
         0.0580029369         2.1779097476
         0.0812041116         2.0933893416
         0.1044052863         2.2090358221
         0.1276064611         2.6234331279
         0.1508076358         2.7737239426
         0.1740088106         2.7185045506
         0.1972099853         1.9949375355
         0.2204111601         1.8558288567
         0.2436123348         1.6604684899
         0.2668135095         1.3095872731
         0.2900146843         1.1673624824
         0.3132158590         1.0687918787
         0.3364170338         1.0324472801
         0.3596182085         0.9653781107
         0.3828193833         0.8948001288
         0.4060205580         0.7516131154
         0.4292217327         0.6787718118
         0.4524229075         0.6537302074
         0.4756240822         0.5662769056
         0.4988252570         0.5416087465
         0.5220264317         0.4994328914
         0.5452276065         0.4386285899
         0.5684287812         0.4559908420
         0.5916299559         0.4345286162
         0.6148311307         0.3857386059
         0.6380323054         0.4054277528
         0.6612334802         0.4227587190
         0.6844346549         0.4002747835
         0.7076358297         0.3824432647
         0.7308370044         0.3895562710
         0.7540381791         0.3451956376
         0.7772393539         0.3160724838
         0.8004405286         0.3075242530
         0.8236417034         0.2991433824
         0.8468428781         0.2819156860
         0.8700440529         0.2811649307
         0.8932452276         0.2581600306
         0.9164464023         0.3073618213
         0.9396475771         0.3247136006
         0.9628487518         0.4798982027
         0.9860499266         0.6997844210
         1.0092511013         1.0215969925
         1.0324522761         1.2905275417
         1.0556534508         1.4254160309
         1.0788546256         1.5294772857
         1.1020558003         1.5632562638
         1.1252569750         1.5707257007
         1.1484581498         1.5478870083
         1.1716593245         1.4923246134
         1.1948604993         1.4568034463
         1.2180616740         1.3964471687
         1.2412628488         1.3679627149
         1.2644640235         1.3248921197
         1.2876651982         1.2403786388
         1.3108663730         1.2190190657
         1.3340675477         1.1567708805
         1.3572687225         1.1153919034
         1.3804698972         1.1048888495
         1.4036710720         1.1112776617
         1.4268722467         1.0615940007
         1.4500734214         1.0322413779
         1.4732745962         1.0248085504
         1.4964757709         1.0021197389
         1.5196769457         1.0025858741
         1.5428781204         0.9767389362
         1.5660792952         0.9509631077
         1.5892804699         0.9413398140
         1.6124816446         0.9397804129
         1.6356828194         0.9476786856
         1.6588839941         0.9597515922
         1.6820851689         0.9498091939
         1.7052863436         0.9634862703
         1.7284875184         0.9597788933
         1.7516886931         0.9707573591
         1.7748898678         0.9907486613
         1.7980910426         0.9715290919
         1.8212922173         0.9558307359
         1.8444933921         0.9792772899
         1.8676945668         0.9774754491
         1.8908957416         0.9836665224
         1.9140969163         0.9826207532
         1.9372980910         1.0031547400
         1.9604992658         0.9809886398
         1.9837004405         0.9891878973
         2.0069016153         0.9945263666
         2.0301027900         0.9716935080
         2.0533039648         0.9972725364
         2.0765051395         1.0066368573
         2.0997063142         1.0288621204
         2.1229074890         1.0222110690
         2.1461086637         1.0101080017
         2.1693098385         1.0157629698
         2.1925110132         1.0227358069
         2.2157121880         1.0190740469
         2.2389133627         1.0155335274
         2.2621145374         1.0147878555
         2.2853157122         1.0163053134
         2.3085168869         1.0190217505
         2.3317180617         1.0114847004
         2.3549192364         1.0286255670
         2.3781204112         1.0084509090
         2.4013215859         1.0108157239
         2.4245227606         1.0006634467
         2.4477239354         0.9765723031
         2.4709251101         0.9802713426
         2.4941262849         0.9927539577
         2.5173274596         0.9907020044
         2.5405286344         0.9902108994
         2.5637298091         0.9920083155
         2.5869309838         0.9723314297
         2.6101321586         0.9844923745
         2.6333333333         0.9802618993
         2.6565345081         0.9887345553
         2.6797356828         0.9937987626
         2.7029368576         0.9809805622
         2.7261380323         0.9934039190
         2.7493392070         0.9855992963
         2.7725403818         0.9933206201
         2.7957415565         0.9866941515
         2.8189427313         1.0042761841
         2.8421439060         0.9947817348
         2.8653450808         0.9822154832
         2.8885462555         0.9973723458
         2.9117474302         1.0062196920
         2.9349486050         0.9896667905
         2.9581497797         0.9998977533
         2.9813509545         1.0171240060
         3.0045521292         0.9925132253
         3.0277533040         1.0057290696
         3.0509544787         0.9844165450
         3.0741556535         0.9787796826
         3.0973568282         0.9997130402
         3.1205580029         0.9936027858
         3.1437591777         0.9971949116
         3.1669603524         1.0023408257
         3.1901615272         0.9913687017
         3.2133627019         0.9814743810
         3.2365638767         0.9860458525
         3.2597650514         0.9876828093
         3.2829662261         0.9873380885
         3.3061674009         0.9922702017
         3.3293685756         1.0108641653
         3.3525697504         1.0161633590
         3.3757709251         1.0215225867
         3.3989720999         1.0035212667
         3.4221732746         1.0068994490
         3.4453744493         1.0067279283
         3.4685756241         1.0016603026
         3.4917767988         0.9950609413
         3.5149779736         0.9997812876
         3.5381791483         0.9877009454
         3.5613803231         0.9949576210
         3.5845814978         1.0003144464
         3.6077826725         0.9922291187
         3.6309838473         1.0007734099
         3.6541850220         0.9954909756
         3.6773861968         1.0012568461
         3.7005873715         1.0033942618
         3.7237885463         1.0019959112
         3.7469897210         0.9966362934
         3.7701908957         0.9993015400
         3.7933920705         0.9984931735
         3.8165932452         0.9971469575
         3.8397944200         0.9980328714
         3.8629955947         1.0052811052
         3.8861967695         0.9950154228
         3.9093979442         1.0020998276
         3.9325991189         1.0008604408
         3.9558002937         1.0056642393
         3.9790014684         0.9940788249
         4.0022026432         1.0039811422
         4.0254038179         0.9997022485
         4.0486049927         1.0059318567
         4.0718061674         0.9951324970
         4.0950073421         1.0008611674
         4.1182085169         1.0017056318
         4.1414096916         1.0003038664
         4.1646108664         0.9901225259
         4.1878120411         0.9845989802
         4.2110132159         0.9938454017
         4.2342143906         0.9859252559
         4.2574155653         0.9939050289
         4.2806167401         1.0032855645
         4.3038179148         1.0003502272
         4.3270190896         1.0023617881
         4.3502202643         1.0081669158
         4.3734214391         1.0024256570
         4.3966226138         1.0047858273
         4.4198237885         1.0019540278
         4.4430249633         1.0006019979
         4.4662261380         0.9918556936
         4.4894273128         0.9911614114
         4.5126284875         0.9945986096
         4.5358296623         0.9997090043
         4.5590308370         0.9946617186
         4.5822320117         0.9889216294
         4.6054331865         0.9818551414
         4.6286343612         0.9806297231
